9. ENGINE CAPABILITES DEMO [experimental]
992
1
8
23
r 15
u 15
f 20
j 15
h 15
t 15
f 15
o 15
k 15
e 15
m 15
z 20
s 13
y 20
r 20
q 15
i 15
x 15
l 15
w 15
n 10
e 20
y 15
1
17
18 36 3 6 101 102 0 5 22 31 21 32 20 33 19 34 18 35
10 71 31 46 102 105 0 5 17 74 17 75 16 76 15 75 14 74
5 32 17 3 104 107 0 5 10 41 10 40 9 39 8 38 7 37
31 46 33 87 105 108 0 5 31 55 30 54 29 53 28 52 29 51
4 54 31 73 106 120 0 5 12 53 11 53 10 53 9 53 8 53
17 3 2 90 107 117 0 5 17 12 16 11 17 10 16 9 17 8
33 87 4 54 108 106 0 5 27 85 28 85 29 85 30 85 31 86
18 71 18 36 109 101 0 5 24 66 25 67 24 68 23 69 22 70
14 40 21 48 111 115 0 3 20 47 19 46 18 45
29 57 10 71 113 102 0 5 25 66 24 65 25 64 26 63 27 62
2 72 18 71 114 109 0 5 2 67 1 68 2 69 1 70 2 71
21 48 10 71 115 102 0 5 19 57 20 56 19 55 18 54 19 53
8 90 26 28 116 114 0 5 2 87 3 88 4 89 5 89 6 89
2 90 26 28 117 114 0 5 2 85 1 86 2 87 1 88 2 89
34 35 10 71 119 102 0 5 34 44 35 43 36 42 35 41 34 40
31 73 17 3 120 107 0 5 25 73 26 74 27 74 28 74 29 73
36 68 31 73 121 120 0 5 34 63 35 64 36 65 37 66 36 67
